864
541
38
916
553
776
81
1027
696
20
21
1065
778
156
426
993
764
531
1081
428
713
1047
19
270
114
150
222
28
1007
737
141
287
725
440
956
829
977
966
1052
1043
1037
563
941
309
65
256
301
77
771
112
133
878
629
88
850
944
1029
351
165
473
750
666
705
409
560
522
872
565
169
40
925
690
514
273
355
498
517
1015
1005
938
643
551
319
838
510
728
430
984
132
931
1035
457
958
868
822
452
691
720
221
188
57
503
647
223
17
106
620
255
357
820
939
943
1094
497
172
75
1050
920
533
842
590
1040
78
837
554
353
85
455
529
1010
113
1067
272
199
483
478
683
487
987
548
268
266
64
208
774
754
583
627
564
742
203
489
833
166
923
1063
1008
948
732
312
45
635
311
135
538
557
335
83
229
899
655
970
185
466
859
656
444
738
494
962
856
961
107
787
460
831
649
292
727
218
63
420
578
638
991
24
470
371
171
110
758
571
613
173
783
200
450
600
940
680
897
1028
99
385
160
339
579
52
947
215
239
577
151
86
453
616
393
777
663
190
898
439
955
632
1014
996
928
137
1069
687
369
1022
519
971
755
645
731
639
990
337
761
22
891
575
14
207
886
295
359
79
808
108
881
1020
465
786
701
376
910
338
228
749
326
734
429
147
1064
658
1003
179
1079
509
248
194
437
373
695
350
671
445
894
814
44
91
349
797
935
139
508
61
1059
157
158
1072
48
650
504
1
243
242
1086
909
502
1006
410
451
660
198
299
364
589
403
367
377
41
700
603
55
605
1053
296
986
877
746
401
109
516
576
929
535
686
685
138
781
711
140
536
772
652
1091
286
372
324
234
669
101
476
515
97
304
633
989
736
102
609
624
1071
903
1024
766
741
212
506
233
232
459
115
298
258
959
247
1045
265
448
145
712
456
879
873
1038
164
352
601
329
306
1026
997
765
722
116
676
402
674
210
283
418
1044
72
485
59
924
927
390
667
56
857
592
193
196
960
395
449
11
975
817
1060
803
1089
209
241
467
544
250
442
561
177
1049
417
49
665
9
567
34
919
336
380
365
43
870
205
427
127
493
130
558
1031
740
1000
513
136
794
735
528
281
340
236
617
918
66
269
525
651
16
416
799
252
486
42
562
168
621
867
383
807
681
354
474
623
39
953
904
930
411
375
398
447
843
834
181
161
1034
159
27
425
464
124
15
314
851
818
702
479
60
492
542
863
58
477
163
264
87
316
791
836
716
214
550
582
388
31
992
936
800
297
806
779
1066
392
1077
819
770
545
698
419
595
1074
404
302
845
511
1018
117
441
570
1051
614
6
788
618
828
634
300
8
724
637
13
824
965
1004
512
747
183
693
684
587
572
174
505
37
556
855
126
131
521
251
201
192
33
694
438
180
593
3
1021
866
646
748
830
659
615
315
170
195
612
793
93
534
501
167
596
1032
1046
92
547
769
911
95
672
848
889
431
1076
472
729
225
759
7
642
238
860
379
1080
120
1090
1092
282
858
760
500
717
305
790
954
328
423
622
523
76
249
307
980
356
35
932
53
641
1041
134
539
288
374
969
405
50
640
391
995
362
389
347
767
94
812
1088
1012
176
361
488
381
152
146
888
678
10
1048
715
1093
726
226
495
670
262
142
259
129
675
520
382
840
823
368
458
718
967
244
654
586
191
914
784
801
469
276
604
342
415
397
90
318
231
29
937
825
588
751
895
263
795
111
723
810
813
852
753
400
999
96
657
540
826
484
1082
907
841
217
952
979
330
568
636
480
224
688
951
892
816
983
890
1055
293
468
313
668
128
853
155
446
220
704
973
290
277
745
421
144
839
607
644
433
1002
598
1054
1070
537
280
1058
709
1083
963
291
611
619
530
884
625
789
463
80
524
303
407
874
2
285
237
543
809
880
18
1019
661
1085
89
123
118
103
628
1084
871
206
98
462
341
320
1057
104
154
865
703
662
743
782
197
922
216
913
673
1025
555
597
805
62
1068
785
84
211
792
162
344
254
532
773
714
325
917
475
384
454
204
274
422
261
348
284
942
1023
1013
827
149
905
710
610
435
490
584
443
322
378
1017
1056
802
187
26
869
323
862
399
549
408
682
366
964
36
275
981
178
12
988
230
73
289
413
887
591
321
46
82
