27
193
206
61
33
9
176
4
162
131
55
185
106
81
150
80
2
147
100
154
43
148
5
119
75
167
92
44
117
192
63
77
127
18
145
140
112
121
142
56
116
28
207
130
172
91
83
102
194
180
125
76
52
3
40
184
209
157
103
74
201
113
135
68
204
37
208
51
29
104
57
160
153
66
24
94
122
15
73
84
19
165
123
11
179
183
188
36
99
101
136
16
48
90
152
138
6
47
111
105
12
169
69
93
50
21
78
187
22
182
120
132
20
60
126
34
189
168
1
14
0
41
39
163
25
54
198
171
166
133
95
174
108
30
173
42
114
17
118
202
87
49
141
89
53
190
124
31
109
79
134
96
86
170
45
199
32
97
46
7
177
59
88
72
65
58
8
70
23
196
156
71
128
146
110
26
35
159
82
139
155
107
144 
178
175
